Run semi-empirical minimization
 &qmmm
    qm_theory='AM1', grms_tol=0.0005,
 scfconv=1.d-10, ndiis_attempts=700,   qmcharge=0,
 /
   8    O2       17.0960       18.1590       34.7840 
   8    O1       13.1260       17.4540       36.5350 
   6    C1       14.1810       18.0370       35.6980 
   6    C2       14.9150       16.9590       34.7840 
   6    C3       16.0750       17.6280       33.8850 
   6    C4       15.4830       18.8070       32.9870 
   6    C5       14.6780       19.8850       33.7870 
   6    C6       14.8630       21.2550       33.6570 
   6    C7       14.2010       22.4150       34.3140 
   6    C8       13.9860       23.6240       33.8520 
   6    C9       14.4350       24.1110       32.3790 
   6   C10       13.6010       19.1950       34.7730 
   6   C11       13.1870       24.6460       31.4910 
   6   C12       12.2310       25.5920       32.3910 
   6   C13       11.8140       25.1290       33.9600 
   6   C14       13.2500       24.7290       34.6670 
   6   C15       12.6990       24.3720       36.2220 
   6   C16       11.4750       25.3840       36.3800 
   6   C17       11.4180       26.1800       35.0200 
   6   C18       10.7870       23.7830       33.6420 
   6   C19       12.2570       19.5560       34.8130 
   6   C20        9.9380       26.8860       34.7250 
   6   C22        8.6080       26.1550       35.0790 
   6   C24        6.1080       25.6110       34.6940 
   6   C21        9.8650       28.2480       35.4480 
   6   C25        5.5480       24.5800       33.5850 
   6   C26        5.0380       25.5240       32.4720 
   6   C27        4.2940       24.3490       33.2310 
   8    O3        5.2530       26.7520       34.9730 
   6   C23        7.5040       26.0930       34.2820 
   1    H1       14.9270       18.4790       36.3590 
   1   H22       15.3600       16.1970       35.4250 
   1   H23       14.1820       16.4890       34.1280 
   1    H3       16.5180       16.8690       33.2410 
   1   H42       14.8190       18.3680       32.2430 
   1   H43       16.3070       19.3000       32.4710 
   1    H6       15.6290       21.5300       32.9480 
   1    H7       13.8460       22.2350       35.3180 
   1   H92       14.8980       23.2720       31.8600 
   1   H93       15.1670       24.9120       32.4790 
   1  H112       13.5660       25.2180       30.6440 
   1  H113       12.6130       23.7950       31.1250 
   1  H122       12.7310       26.5570       32.4710 
   1  H123       11.3050       25.7460       31.8370 
   1   H14       13.8820       25.6160       34.7110 
   1  H152       12.3690       23.3360       36.2970 
   1  H153       13.4710       24.5840       36.9620 
   1  H162       10.5460       24.8370       36.5420 
   1  H163       11.6580       26.0680       37.2090 
   1   H17       12.1790       26.9600       35.0400 
   1   H20        9.9020       27.0980       33.6560 
   1  H221        8.5570       25.6560       36.0350 
   1   H24        6.2200       25.0550       35.6250 
   1   H25        6.2640       23.8270       33.2560 
   1  H262        4.8060       26.5700       32.6730 
   1  H263        5.3790       25.2980       31.4620 
   1  H272        4.0500       23.4340       32.6920 
   1  H273        3.5450       24.6700       33.9550 
   1  H231        7.6250       26.4160       33.2580 
   1  H191       11.5820       19.0520       35.4890 
   1  H192       11.8890       20.3400       34.1680 
   1  H211       10.7710       28.8180       35.2430 
   1  H212        9.7740       28.0850       36.5220 
   1  H213        8.9980       28.8030       35.0900 
   1   HO2       17.7980       18.5630       34.2690 
   1   HO1       12.7500       18.1360       37.0970 
   1   HO3        5.4280       27.0740       35.8600 
   1  H181       10.4300       23.3670       34.5840 
   1  H182       11.3450       23.0210       33.0970 
   1  H183        9.9360       24.1080       33.0430 

