# The Tersoff potential parameters for hybrid structures (BN/AlN, BN/GaN, AlN/GaN, BN/AlN/GaN) are developed in this study. 

# The Tersoff potential parameters for pristine BN, AlN, and GaN structures are developed in Phys.Rev.Applied 13, 034027 (2020).

# these entries are in LAMMPS "metal" units:
# A,B = eV
# lambda1,lambda2,lambda3 = 1/Angstroms
# R,D = Angstroms
# other quantities are unitless

# format of a single entry (one or more lines):
# element 1, element 2, element 3, m, gamma, lambda3, c, d, costheta0, n, beta, lambda2, B, R, D, lambda1, A

Al	Al	Al	3	1	0.0	0.0	1.0	0.0	0.0	0.0	0.0	0.0	0.0	0.0	0.0	0.0
Al	Al	N	3	1	1.186759	19110.741778	10.882090	-0.972662	0.0	0.0	0.0	0.0	2.55	0.15	0.0	0.0
Al	Al	B	3	1	0.0	0.0	1.0	0.0	0.0	0.0	0.0	0.0	0.0	0.0	0.0	0.0
Al	Al	Ga	3	1	0.0	0.0	1.0	0.0	0.0	0.0	0.0	0.0	0.0	0.0	0.0	0.0

Al	N	Al	3	1	0.0	0.0	1.0	0.0	0.0	0.0	0.0	0.0	0.0	0.0	0.0	0.0
Al	N	N	3	1	1.186759	19110.741778	10.882090	-0.972662	0.598233	0.000002133047	1.717680	453.228512	2.55	0.15	2.434869	1258.567263
Al	N	B	3	1	0.0	0.0	1.0	0.0	0.0	0.0	0.0	0.0	0.0	0.0	0.0	0.0
Al	N	Ga	3	1	0.0	0.0	1.0	0.0	0.0	0.0	0.0	0.0	0.0	0.0	0.0	0.0

Al	B	Al	3	1	0.0	0.0	1.0	0.0	0.0	0.0	0.0	0.0	0.0	0.0	0.0	0.0
Al	B	N	3	1	1.186759	19110.741778	10.882090	-0.972662	0.0	0.0	0.0	0.0	2.55	0.15	0.0	0.0
Al	B	B	3	1	0.0	0.0	1.0	0.0	0.0	0.0	0.0	0.0	0.0	0.0	0.0	0.0
Al	B	Ga	3	1	0.0	0.0	1.0	0.0	0.0	0.0	0.0	0.0	0.0	0.0	0.0	0.0

Al	Ga	Al	3	1	0.0	0.0	1.0	0.0	0.0	0.0	0.0	0.0	0.0	0.0	0.0	0.0
Al	Ga	N	3	1	1.186759	19110.741778	10.882090	-0.972662	0.0	0.0	0.0	0.0	2.55	0.15	0.0	0.0
Al	Ga	B	3	1	0.0	0.0	1.0	0.0	0.0	0.0	0.0	0.0	0.0	0.0	0.0	0.0
Al	Ga	Ga	3	1	0.0	0.0	1.0	0.0	0.0	0.0	0.0	0.0	0.0	0.0	0.0	0.0

N	Al	Al	3	1	1.100709	27568.039128	8.292436	-0.816226	1.220882	0.000002496023	1.717680	453.228512	2.55	0.15	2.434869	1258.567263
N	Al	N	3	1	0.0	0.0	1.0	0.0	0.0	0.0	0.0	0.0	0.0	0.0	0.0	0.0
N	Al	B	3	1	1.146016	38816.771897	7.052435	-0.669276	9.155085	0.000002314749	1.717680	453.228512	2.5	0.2	2.434869	1258.567263
N	Al	Ga	3	1	3.363107	45896.229303	14.231385	-0.836813	5.569371	0.000001829919	1.717680	453.228512	2.7	0.2	2.434869	1258.567263

N	N	Al	3	1	1.100709	27568.039128	8.292436	-0.816226	0.0	0.0	0.0	0.0	2.55	0.15	0.0	0.0
N	N	N	3	1	0.0	0.0	1.0	0.0	0.0	0.0	0.0	0.0	0.0	0.0	0.0	0.0
N	N	B	3	1	1.108293	27483.938392	7.783163	-0.749741	0.0	0.0	0.0	0.0	2.2	0.1	0.0	0.0
N	N	Ga	3	1	1.166408	44736.208668	12.497037	-0.693793	0.0	0.0	0.0	0.0	2.65	0.15	0.0	0.0

N	B	Al	3	1	1.146016	38816.771897	7.052435	-0.669276	9.155085	0.000002314749	2.060658	436.750025	2.5	0.2	2.965635	1205.446293
N	B	N	3	1	0.0	0.0	1.0	0.0	0.0	0.0	0.0	0.0	0.0	0.0	0.0	0.0
N	B	B	3	1	1.108293	27483.938392	7.783163	-0.749741	0.939775	0.000001335243	2.060658	436.750025	2.2	0.1	2.965635	1205.446293
N	B	Ga	3	1	1.796637	62848.078491	8.837985	-0.568039	3.047557	0.000002200689	2.060658	436.750025	2.6	0.2	2.965635	1205.446293

N	Ga	Al	3	1	3.363107	45896.229303	14.231385	-0.836813	5.569371	0.000001829919	1.963739	764.751142	2.7	0.2	2.652624	2249.391746
N	Ga	N	3	1	0.0	0.0	1.0	0.0	0.0	0.0	0.0	0.0	0.0	0.0	0.0	0.0
N	Ga	B	3	1	1.796637	62848.078491	8.837985	-0.568039	3.047557	0.000002200689	1.963739	764.751142	2.6	0.2	2.652624	2249.391746
N	Ga	Ga	3	1	1.166408	44736.208668	12.497037	-0.693793	1.070552	0.000002642801	1.963739	764.751142	2.65	0.15	2.652624	2249.391746

B	Al	Al	3	1	0.0	0.0	1.0	0.0	0.0	0.0	0.0	0.0	0.0	0.0	0.0	0.0
B	Al	N	3	1	1.165721	26320.215836	5.255691	-0.870210	0.0	0.0	0.0	0.0	2.2	0.1	0.0	0.0
B	Al	B	3	1	0.0	0.0	1.0	0.0	0.0	0.0	0.0	0.0	0.0	0.0	0.0	0.0
B	Al	Ga	3	1	0.0	0.0	1.0	0.0	0.0	0.0	0.0	0.0	0.0	0.0	0.0	0.0

B	N	Al	3	1	0.0	0.0	1.0	0.0	0.0	0.0	0.0	0.0	0.0	0.0	0.0	0.0
B	N	N	3	1	1.165721	26320.215836	5.255691	-0.870210	1.156834	0.000000741928	2.060658	436.750025	2.2	0.1	2.965635	1205.446293
B	N	B	3	1	0.0	0.0	1.0	0.0	0.0	0.0	0.0	0.0	0.0	0.0	0.0	0.0
B	N	Ga	3	1	0.0	0.0	1.0	0.0	0.0	0.0	0.0	0.0	0.0	0.0	0.0	0.0

B	B	Al	3	1	0.0	0.0	1.0	0.0	0.0	0.0	0.0	0.0	0.0	0.0	0.0	0.0
B	B	N	3	1	1.165721	26320.215836	5.255691	-0.870210	0.0	0.0	0.0	0.0	2.2	0.1	0.0	0.0
B	B	B	3	1	0.0	0.0	1.0	0.0	0.0	0.0	0.0	0.0	0.0	0.0	0.0	0.0
B	B	Ga	3	1	0.0	0.0	1.0	0.0	0.0	0.0	0.0	0.0	0.0	0.0	0.0	0.0

B	Ga	Al	3	1	0.0	0.0	1.0	0.0	0.0	0.0	0.0	0.0	0.0	0.0	0.0	0.0
B	Ga	N	3	1	1.165721	26320.215836	5.255691	-0.870210	0.0	0.0	0.0	0.0	2.2	0.1	0.0	0.0
B	Ga	B	3	1	0.0	0.0	1.0	0.0	0.0	0.0	0.0	0.0	0.0	0.0	0.0	0.0
B	Ga	Ga	3	1	0.0	0.0	1.0	0.0	0.0	0.0	0.0	0.0	0.0	0.0	0.0	0.0

Ga	Al	Al	3	1	0.0	0.0	1.0	0.0	0.0	0.0	0.0	0.0	0.0	0.0	0.0	0.0
Ga	Al	N	3	1	1.453060	45996.528912	13.083985	-0.990019	0.0	0.0	0.0	0.0	2.65	0.15	0.0	0.0
Ga	Al	B	3	1	0.0	0.0	1.0	0.0	0.0	0.0	0.0	0.0	0.0	0.0	0.0	0.0
Ga	Al	Ga	3	1	0.0	0.0	1.0	0.0	0.0	0.0	0.0	0.0	0.0	0.0	0.0	0.0

Ga	N	Al	3	1	0.0	0.0	1.0	0.0	0.0	0.0	0.0	0.0	0.0	0.0	0.0	0.0
Ga	N	N	3	1	1.453060	45996.528912	13.083985	-0.990019	0.761872	0.000002143554	1.963739	764.751142	2.65	0.15	2.652624	2249.391746
Ga	N	B	3	1	0.0	0.0	1.0	0.0	0.0	0.0	0.0	0.0	0.0	0.0	0.0	0.0
Ga	N	Ga	3	1	0.0	0.0	1.0	0.0	0.0	0.0	0.0	0.0	0.0	0.0	0.0	0.0

Ga	B	Al	3	1	0.0	0.0	1.0	0.0	0.0	0.0	0.0	0.0	0.0	0.0	0.0	0.0
Ga	B	N	3	1	1.453060	45996.528912	13.083985	-0.990019	0.0	0.0	0.0	0.0	2.65	0.15	0.0	0.0
Ga	B	B	3	1	0.0	0.0	1.0	0.0	0.0	0.0	0.0	0.0	0.0	0.0	0.0	0.0
Ga	B	Ga	3	1	0.0	0.0	1.0	0.0	0.0	0.0	0.0	0.0	0.0	0.0	0.0	0.0

Ga	Ga	Al	3	1	0.0	0.0	1.0	0.0	0.0	0.0	0.0	0.0	0.0	0.0	0.0	0.0
Ga	Ga	N	3	1	1.453060	45996.528912	13.083985	-0.990019	0.0	0.0	0.0	0.0	2.65	0.15	0.0 0.0
Ga	Ga	B	3	1	0.0	0.0	1.0	0.0	0.0	0.0	0.0	0.0	0.0	0.0	0.0	0.0
Ga	Ga	Ga	3	1	0.0	0.0	1.0	0.0	0.0	0.0	0.0	0.0	0.0	0.0	0.0	0.0

